1754074169
2101248834
307823093
92528763
2033482787
499560369
632922262
784714060
352691379
602101665
753472037
840827931
2082708946
996891858
442743696
479737474
1891278704
110713071
1159302983
189050936
1791928967
808824536
1942039458
874842816
2063905921
358237509
100504076
2041388780
807574054
718201040
1448463927
414164575
671966226
1756287021
506693338
557965366
108363742
1139615600
1342679426
461055121
1741717266
2096151463
1301883053
1676942564
945559673
1744626749
9196390
689354729
1855339821
1168499373
878405665
1499785140
1977323910
672961475
227144308
1893746183
1031198985
327648385
1787651316
1838773039
1045849425
1088631595
105453967
1717815651
697434968
612147305
128297369
805798711
1751762906
1470976796
1266853832
1345996524
1419644611
421253237
875455440
217720637
18396339
884651831
907075366
1873736160
2053151204
1785481032
1226037652
1882991466
310958859
1453181960
1629254002
1342157844
1780830345
1269421670
1033447236
679196122
210569617
1138901203
249528126
908004586
1751048508
377825495
1713803297
1355327766
